GCIM Results: 
Conditioning IM: PGA
Prob = 0.02
(IML = 0.5715106)

Number of IMi's considered: 12
Number of z values for each IMi: 31
Number of GCIM realizations: 100
--------------------------------------------------
 IMi value     Cumulative Probability, F(IMi|IMj) 
--------------------------------------------------
Results for PGV
9.070062153905189	0.001716620855235779
9.860385832319661	0.0030495030420688058
10.719574696668243	0.005288578275452673
11.653629343875036	0.008941538106576255
12.669073235399491	0.01471818124402747
13.772998257257507	0.023556784831618997
14.973114249934053	0.03662102136214896
16.277802854105634	0.05525012267903772
17.696176048232353	0.08084904784582145
19.23813978684769	0.11471630665146731
20.914463183997402	0.1578240761712077
22.736853725006444	0.2105844827331741
24.71803903185488	0.2726510825818919
26.87185575321406	0.34280860350566317
29.213346199953648	0.4189929079488557
31.758863401023998	0.49845692786617285
34.52618531342712	0.5780643800878117
37.53463898392143	0.6546581483179719
40.80523552960881	0.7254329774484706
44.360816880111926	0.7882390673672093
48.22621530619281	0.8417636634776398
52.428426848964705	0.8855677692688387
56.99679986093107	0.9199915959089676
61.963239975627495	0.9459659505331691
67.3624329373794	0.9647813377932306
73.23208684742403	0.9778637601723001
79.61319551825112	0.986592994167724
86.55032477543313	0.9921811291766516
94.09192370648745	0.9956122450429135
102.290663030538	0.9976322112969761
111.2038029519599	0.9987720579608386
--------------------------------------------------

--------------------------------------------------
Results for ASI
0.2062861772501046	0.002118350174377686
0.21592182281833755	0.003662342225881425
0.22600755024253524	0.0061553170208598325
0.2365643828859622	0.010073897107899164
0.24761432611503872	0.016074032611795856
0.25918041316879525	0.025022019291694998
0.2712867531708926	0.0380053473804954
0.28395858138428826	0.05630486971850153
0.2972223118133024	0.08130958263605563
0.31110559226273127	0.11436302881729601
0.3256373619687761	0.15654653955903192
0.3408479119219185	0.20842829797017082
0.35676894800748205	0.2698291440164247
0.3734336570954957	0.3396683600843236
0.39087677621762007	0.41594586375652876
0.4091346649753341	0.49589006349550613
0.42824538133031487	0.5762597934106424
0.44824876093499255	0.6537442151406792
0.4691865001686424	0.7253775718930873
0.4911022430521002	0.788881881069263
0.5140416722222717	0.842872295477514
0.5380526041560694	0.8868979226928527
0.5631850888422675	0.9213348346256214
0.5894915141090391	0.9471763371715688
0.6170267148246401	0.9657805215704355
0.6458480871988685	0.9786303950590903
0.6760157084235541	0.9871446234143244
0.7075924619014653	0.9925556250695704
0.7406441683246712	0.9958531568659512
0.7752397228755836	0.9977795296235661
0.8114512388366728	0.9988578938799144
--------------------------------------------------

--------------------------------------------------
Results for SI
20.767165343073124	0.002149935974328778
22.939511952702183	0.0035817543440356927
25.339096594792956	0.0059028635543288245
27.989689473956513	0.009599952111069747
30.917547273942713	0.015359690022994615
34.1516732554647	0.02409944893580798
37.72410456152227	0.03696988173174377
41.67022957626098	0.05531093186458653
46.02913848111295	0.08054638693242755
50.844010480817275	0.11401274771194406
56.162541535166895	0.15673568448622754
62.037416833579556	0.20918764888759986
68.52683269280868	0.2710770464920962
75.6950730476963	0.3412250080849069
83.61314624566577	0.4175752362822535
92.35948845301836	0.4973563723432227
102.02074064095417	0.5773803017147738
112.69260684811299	0.6544223063852043
124.48080222155694	0.7256090884837616
137.50210022745455	0.7887375068757886
151.8854894051027	0.842465326797821
167.77345112304985	0.8863506129149006
185.3233709947329	0.920752475237897
204.70909793505996	0.9466335598695512
226.12266630190393	0.965319230888166
249.77619818198153	0.9782653861227946
275.9040046650965	0.9868723364506685
304.7649069218998	0.9923626083044036
336.6448000776853	0.9957224825749114
371.8594852798689	0.9976947911907633
410.7577980135118	0.9988051892480383
--------------------------------------------------

--------------------------------------------------
Results for DSI
4.983964381142233	0.003597380313973269
5.703229099479471	0.005223792121495588
6.526295068283545	0.007673345069796375
7.468142446213414	0.011389366139205975
8.545913265243016	0.017011195563916462
9.779223423099875	0.025412201280303786
11.190519701136441	0.037713268451728316
12.805488305514894	0.05525208908336797
14.653522367332577	0.0794901932430074
16.768256910393724	0.11184884704623814
19.18818102327365	0.15348226980069185
21.957338377473246	0.205018741178344
25.12612884139892	0.2663211141535823
28.75222577989108	0.3363285863594171
32.901625734551764	0.4130350963919034
37.649849589509564	0.4936337644639904
43.083317084361866	0.5748183425850978
49.30091969102725	0.6531877732522755
56.415820481551485	0.7256736446372215
64.55751374524358	0.7899012631843144
73.87418184107038	0.8444133584195309
84.53539218104746	0.888725123175497
96.73518343089867	0.9232204730877447
110.695597098177	0.948935264018065
126.67071878428852	0.9672903167600339
144.95130265296285	0.979834707105702
165.87006328250914	0.988042678468033
189.8077312158684	0.9931841092953119
217.19998242211065	0.9962670224774766
248.54536778858647	0.9980364507626895
284.41438696394266	0.9990084454720644
--------------------------------------------------

--------------------------------------------------
Results for CAV
0.3354759095443157	0.0026994635381400347
0.358044291433517	0.004304871805446415
0.3821309100920548	0.006817977282444603
0.40783790145945226	0.010704241646576577
0.4352742724392036	0.01661520021611034
0.46455636312731163	0.025420010405078543
0.49580834013620234	0.03821408079144387
0.5291627231058882	0.05628727308100996
0.5647609466349783	0.08103531485830913
0.6027539600143229	0.11380594976691207
0.6433028673063819	0.15568660835372186
0.6865796104844811	0.20726078832181433
0.7327676985287166	0.2683800276106645
0.7820629855701327	0.33800973421609415
0.8346745013827879	0.41420237839138113
0.8908253377452929	0.4942289762300847
0.9507535944303135	0.5748626695191448
1.014713388833374	0.6527683037440697
1.0829759335221514	0.7249182353600475
1.1558306862754593	0.788950708798966
1.233586577488495	0.8433973076258746
1.3165733201490006	0.8877460002140835
1.4051428079390957	0.9223467251649273
1.4996706073912502	0.9482025594866286
1.600557550425666	0.9667077766740374
1.7082314340220055	0.9793931138647534
1.8231488342326871	0.9877223782258031
1.9457970422298108	0.9929613482822609
2.0766961305952596	0.9961183177481103
2.2164011586157866	0.997941138665599
2.3655045259343312	0.9989498017417603
--------------------------------------------------

--------------------------------------------------
Results for Ds575
0.5774733649531508	0.003245767957845834
0.6459280740232098	0.004821636458817049
0.7224975247909164	0.007189339840168687
0.808143653019553	0.010783701338913368
0.9039424240308467	0.01625007074261403
1.011097349969527	0.024491296981361817
1.130954609428215	0.036684938556880535
1.265019959379258	0.05424580531069466
1.4149776518767294	0.07871321098612623
1.5827115931775801	0.11155709642243795
1.7703290111022496	0.15392106827554114
1.9801869279658635	0.2063465109818351
2.214921771657284	0.2685407536477831
2.4774824968675966	0.33925386388678513
2.771167632567307	0.41631126130010276
3.099666721156697	0.4968117336949767
3.467106669886002	0.5774597072503953
3.8781035968545075	0.6549678889880675
4.337820822925638	0.7264478948407773
4.852033738105731	0.7897172530375213
5.427202357297515	0.843471956247883
6.070552476940315	0.8873095430443593
6.790166452101209	0.9216204293969618
7.595084734442372	0.9473882633425816
8.495419446677765	0.965951696208549
9.502481420345802	0.9787756998747393
10.628922292863248	0.9872676538600466
11.888893449013882	0.992655707182976
13.298223803641056	0.9959299322842363
14.874618659013537	0.9978346968646318
16.637882135093417	0.998894989459331
--------------------------------------------------

--------------------------------------------------
Results for Ds595
1.6807339194322057	0.002629403228977614
1.8480263305500866	0.004142953379721559
2.0319702475928842	0.006508790573243176
2.2342230837553445	0.010188678554185954
2.4566072234072216	0.015847444273746705
2.7011264425541963	0.0243910369658505
2.9699839637148404	0.036976100955884064
3.265602307895784	0.05496986306717192
3.5906451225398532	0.07984292862998779
3.9480411821262984	0.11298985060756078
4.341010777678772	0.1554922526758126
4.773094732961786	0.20786205254206494
5.2481863088139535	0.26981996519532414
5.7705662830896784	0.34016916949378767
6.3449415222945555	0.41681118262139527
6.976487392461323	0.49692135733763837
7.670894391406542	0.5772599955176819
8.43441942254446	0.6545645535030988
9.273942172257051	0.7259419960977359
10.19702709880438	0.7891862730665551
11.211991591321818	0.8429640194085505
12.327980913045803	0.8868482730961781
13.555050604038515	0.9212139654938398
14.904257085895306	0.947037686893987
16.387757284821802	0.9656559908977957
18.01891817072729	0.978533256807341
19.81243719932827	0.9870758713358689
21.78447474249688	0.9925102719877997
23.952799700108287	0.9958246882612752
26.33694960541183	0.9977622281770487
28.958406666543745	0.9988475816800556
--------------------------------------------------

--------------------------------------------------
Results for SA (0.2s)
0.5487355977398888	0.00221236153072898
0.5803906171431986	0.0037689484879803825
0.6138717259373754	0.006269705240826963
0.6492842661037637	0.010192571409395503
0.6867396565075057	0.016197600925157225
0.7263557434559452	0.02515666321549943
0.768257171479761	0.03816105718446724
0.8125757755034266	0.056489414331273115
0.8594509956388865	0.08151925476922021
0.9090303159075143	0.11457366669303504
0.9614697282707143	0.15671010954883216
1.0169342234291483	0.2084792212392617
1.0755983099347928	0.2697013496622427
1.1376465632491195	0.33931862832110754
1.2032742064749011	0.41537490301141794
1.2726877245888113	0.4951519432562739
1.3461055141073797	0.5754541410037873
1.4237585702303575	0.6529926246957486
1.5058912136234583	0.724791654470664
1.592761859127161	0.7885355669167317
1.6846438288101657	0.8427862722847446
1.7818262119256312	0.8870415625574565
1.8846147744758748	0.9216417090467921
1.9933329212473128	0.9475664239309015
2.1083227133425035	0.9661809330347216
2.229945944410758	0.9789887163762965
2.358585278963489	0.9874330744915584
2.494645456355772	0.9927678380948949
2.6385545642222406	0.9959971055658916
2.7907653853739207	0.997870013837459
2.9517568223937802	0.9989107400138033
--------------------------------------------------

--------------------------------------------------
Results for SA (0.5s)
0.17283137838219906	0.0015126319324624239
0.18868509053426685	0.002777875830294701
0.20599305359466688	0.0049470681784236316
0.22488866507207722	0.008538702756402781
0.24551755894360056	0.014276880929727799
0.2680387280982121	0.023115721391526945
0.2926257497412282	0.03623303698238443
0.31946812320434625	0.054976529361327846
0.3487727304721471	0.0807502684543968
0.3807654306817616	0.11484033553202015
0.4156928008849753	0.15819528896843632
0.4538240364893313	0.21119570056440826
0.4954530260254837	0.2734612504797541
0.5409006162316379	0.34374721603075686
0.5905170849127422	0.41997012457102656
0.6446848406334766	0.4993775453671016
0.7038213700523587	0.5788426366245828
0.7683824556129268	0.6552301455145046
0.838865688391686	0.7257645347961067
0.9158143031773548	0.788328356224174
0.9998213653394864	0.8416376732295043
1.0915343417558812	0.8852747844739601
1.1916600910282535	0.9195909539591757
1.3009703114472018	0.9455175785716153
1.4203074886955334	0.9643370507222432
1.5505913891306198	0.9774616651402833
1.6928261486914087	0.9862554999533472
1.848108012066348	0.9919161701672062
2.0176337817702588	0.9954166679142104
2.202710042249636	0.997496021195972
2.4047632301092507	0.9986823855860574
--------------------------------------------------

--------------------------------------------------
Results for SA (1.0s)
0.047430665737071935	0.001699910928986383
0.053193898116119645	0.0030098381856449434
0.05965741262148257	0.0052148830099606035
0.06690629953309105	0.008822797380811799
0.07503598832913067	0.01454632155717417
0.08415350398723973	0.02333029843732017
0.09437887593706888	0.03634854270459365
0.10584671821265193	0.05495281292082252
0.11870800160683165	0.08056059114715747
0.13313204115763663	0.11447969033555398
0.1493087251312858	0.15768513133882953
0.16745101484573083	0.2105831749116309
0.18779774824418316	0.2728123809468129
0.21061678412685214	0.34313523396515677
0.23620852843378556	0.4194619420048654
0.26490988900129675	0.49902169488129755
0.2970987108551908	0.578661592643222
0.33319875043012903	0.6552190580566585
0.3736852541992768	0.7258956069015483
0.41909121515526343	0.7885594473128985
0.47001438950719815	0.8419222056809104
0.5271251659665093	0.8855704898776889
0.5911753912184524	0.9198656728338458
0.6630082677640454	0.9457515565227396
0.743569454434624	0.9645221931351287
0.8339195157140503	0.9775988443076532
0.9352478837602647	0.9863511453611381
1.0488885169321098	0.9919791252816336
1.1763374609613662	0.9954558699316455
1.319272543957691	0.9975191464759336
1.4795754645254453	0.9986953190773536
--------------------------------------------------

--------------------------------------------------
Results for SA (2.0s)
0.012132272484561364	0.0021706198024146837
0.013919034652005837	0.0036111403347957797
0.0159689395280462	0.005948710152462254
0.018320741058981977	0.009672621857008262
0.021018900620217627	0.015470155586559437
0.024114427569292562	0.02425558529379229
0.027665843590093348	0.03717154899922128
0.03174028905940824	0.055545197337227424
0.036414792351950526	0.08078487888007486
0.04177772608036847	0.11421314968820748
0.04793047780081084	0.15684844334610729
0.05498936676913935	0.20916721286622644
0.06308784298452734	0.2708949325109526
0.07237901009389397	0.34088057924898685
0.0830385198532914	0.41710019726600794
0.09526789286673568	0.4968105137476105
0.10929832838185019	0.5768389368347031
0.12539507516742754	0.6539593844110948
0.1438624461054052	0.7252806491370325
0.16504957129932557	0.788571053846748
0.18935699846318427	0.8424571879086271
0.21724426537261116	0.8864716861395912
0.249238587537399	0.9209588918878372
0.2859448253379278	0.9468786834419012
0.32805691905660084	0.9655634096663523
0.3763710079863234	0.9784814171222564
0.43180048163593504	0.9870464574345305
0.495393247579263	0.992492214119324
0.568351542400654	0.9958123007521223
0.6520546602676869	0.9977530444103316
0.7480850288202177	0.9988406689943823
--------------------------------------------------

--------------------------------------------------
Results for SA (5.0s)
0.0019082035107287519	0.00429736672344087
0.0022354381739288776	0.005971939360169145
0.002618789768157397	0.008425265820964077
0.0030678816930787855	0.012081447692506415
0.0035939876492454177	0.017561623234530744
0.00421031464546664	0.025726447052513486
0.004932334538643374	0.03769503156241839
0.005778172428820463	0.054819319396513994
0.006769061659464009	0.07859399610599013
0.007929876844983533	0.1104913252155588
0.009289758306262086	0.15172813110650585
0.010882843589602382	0.20299602694757746
0.012749124432646818	0.26420837817091974
0.014935450689965362	0.3343294738953689
0.017496706420181692	0.411345060846429
0.020497187658334873	0.49240674334222273
0.02401221646014409	0.5741413071686428
0.02813003173605402	0.6530693338878569
0.03295400434128262	0.726049471345017
0.038605232027996615	0.7906529084205193
0.04522557940154255	0.8453956800107817
0.05298123919374286	0.8897942509419676
0.06206690425305755	0.9242560907632742
0.07271065498243715	0.9498534125310706
0.08517968491580719	0.9680461578133227
0.09978700816419167	0.980417331834179
0.11689931711067664	0.9884654200792279
0.13694618760848223	0.9934738496319286
0.16043086276322438	0.9964550598346354
0.18794288600815606	0.9981522044869665
0.22017290060458183	0.9990761220715572
--------------------------------------------------

Realization  PGV             ASI             SI             DSI             CAV             Ds575             Ds595             SA (0.2s)             SA (0.5s)             SA (1.0s)             SA (2.0s)             SA (5.0s)           
   |     IMi Val     |    Cond. Stddev     |     IMi Val     |    Cond. Stddev     |     IMi Val     |    Cond. Stddev     |     IMi Val     |    Cond. Stddev     |     IMi Val     |    Cond. Stddev     |     IMi Val     |    Cond. Stddev     |     IMi Val     |    Cond. Stddev     |     IMi Val     |    Cond. Stddev     |     IMi Val     |    Cond. Stddev     |     IMi Val     |    Cond. Stddev     |     IMi Val     |    Cond. Stddev     |     IMi Val     |    Cond. Stddev     
 1  20.98917370187924 0.3809280372983853  0.5136019026807923 0.20400752169191724  89.6671349686599 0.45940847477692615  18.491604582897807 0.6138512809507348  0.5483678933678751 0.29964824377926863  1.7366033892492063 0.4744312599666679  5.648733126951085 0.4220485816775126  1.094583200114485 0.2632299550457081  0.6682931601842357 0.4141106788303261  0.21201380160991906 0.5418745724487126  0.06861235047149734 0.646032890874952  0.012286539015528845 0.7128287631121776 
 2  105.29944963194795 0.3809280372983853  0.5397035064718724 0.20388571827809068  122.01181421644213 0.45877887986869603  47.50278886446604 0.613497794944138  1.3265269776697082 0.29964824377926863  1.7099640463805061 0.4744312599666679  6.313189925903734 0.4220485816775126  1.2708930508957184 0.2632299550457081  0.3316867458236648 0.4141106788303261  0.7439009387879918 0.5418745724487126  0.23985450316575713 0.646032890874952  0.00871055208419679 0.7128287631121776 
 3  34.51549273477418 0.3809280372983853  0.3429192753715723 0.2035531139035013  163.33790169414794 0.4616424459242211  35.46951995977892 0.613614605647131  1.267323809195597 0.29964824377926863  1.899180042053697 0.4744312599666679  8.202044353306194 0.4220485816775126  2.2623408103379417 0.2632299550457081  1.0746233349637127 0.4141106788303261  0.6511371060460219 0.5418745724487126  0.15643803331683503 0.646032890874952  0.01800682734448957 0.7128287631121776 
 4  27.501889452730033 0.3809280372983853  0.20712570108698003 0.2035531139035013  65.58556166105748 0.4616424459242211  18.12436576847731 0.613614605647131  1.210938494343971 0.29964824377926863  2.9763756297277686 0.4744312599666679  9.41941984381191 0.4220485816775126  2.158710845907463 0.2632299550457081  0.626654279824954 0.4141106788303261  0.5426750584677703 0.5418745724487126  0.07304413330340317 0.646032890874952  0.00539448206359146 0.7128287631121776 
 5  27.24119722489092 0.3809280372983853  0.5658648049177742 0.20391663259480444  36.729632446356035 0.4650331523028757  25.85214356275759 0.6155318114335138  1.3528462088310191 0.29964824377926863  2.4636123382583093 0.4744312599666679  5.0191872165520515 0.4220485816775126  2.4027657560728004 0.2632299550457081  0.31478758116521194 0.4141106788303261  0.11046330524699699 0.5418745724487126  0.039140781656168716 0.646032890874952  0.013587486114721528 0.7128287631121776 
 6  74.20384267995269 0.3809280372983853  0.4127056928427615 0.2035531139035013  42.87570201849729 0.4616424459242211  74.24951085485532 0.613614605647131  1.8961360929072248 0.29964824377926863  1.5053967312676422 0.4744312599666679  4.183348545091245 0.4220485816775126  0.7338728048593683 0.2632299550457081  1.3551993845470722 0.4141106788303261  0.2183028277795888 0.5418745724487126  0.07446183215949356 0.646032890874952  0.03736932338849839 0.7128287631121776 
 7  60.05124326458128 0.3809280372983853  0.6657790358733645 0.2035531139035013  215.45941153903496 0.4616424459242211  112.51493569363811 0.613614605647131  1.1127601180052555 0.29964824377926863  1.7660618538769501 0.4744312599666679  4.221181682636078 0.4220485816775126  1.0055301192139612 0.2632299550457081  2.104857443584298 0.4141106788303261  0.48775464350505127 0.5418745724487126  0.3295554511001796 0.646032890874952  0.057680102822682135 0.7128287631121776 
 8  54.64636424637864 0.3809280372983853  0.41592415608646516 0.20337998249815595  219.8580956034072 0.4762368754068177  141.40962562445225 0.6172105658157262  1.3480915934805644 0.29964824377926863  8.671035258083194 0.4744312599666679  20.967235376930233 0.4220485816775126  0.5145387235113389 0.2632299550457081  0.3490846896567334 0.4141106788303261  0.2644492034506236 0.5418745724487126  0.10966967790031767 0.646032890874952  0.1736692178369204 0.7128287631121776 
 9  40.687228852772506 0.3809280372983853  0.9646531367090587 0.2035531139035013  332.618540999288 0.4616424459242211  129.98250324590953 0.613614605647131  1.2243704632538643 0.29964824377926863  5.767152377526407 0.4744312599666679  10.234868135645616 0.4220485816775126  0.9684993030397704 0.2632299550457081  2.6329509072369954 0.4141106788303261  0.5263547448740333 0.5418745724487126  0.2467528916566235 0.646032890874952  0.05666480318891482 0.7128287631121776 
 10  44.21163434960289 0.3809280372983853  0.7621134136184129 0.2035462604717538  46.10134808344373 0.4617246304617089  38.8510707745097 0.6135769255625566  0.9261411580226886 0.29964824377926863  1.7249238144755574 0.4744312599666679  4.211590370976353 0.4220485816775126  0.8533269482570306 0.2632299550457081  0.5265017213696518 0.4141106788303261  0.11868554689758354 0.5418745724487126  0.08795091063135374 0.646032890874952  0.01910460643055841 0.7128287631121776 
 11  17.101723590478187 0.3809280372983853  0.4684667065775761 0.2035531139035013  60.31077915031541 0.4616424459242211  28.200871638759892 0.613614605647131  0.5063358101594663 0.29964824377926863  1.3203757051423577 0.4744312599666679  3.522318328822981 0.4220485816775126  1.825373954285839 0.2632299550457081  1.0665117823721966 0.4141106788303261  0.1364976646850133 0.5418745724487126  0.05431238700266977 0.646032890874952  0.014930513511950289 0.7128287631121776 
 12  55.75297997458138 0.3809280372983853  0.6771659009288623 0.204167116226067  134.55325809405468 0.4607972888264643  47.47278212385334 0.614480828505668  0.9079450426077331 0.29964824377926863  2.6717116561496868 0.4744312599666679  6.592285141608936 0.4220485816775126  1.4161660823683466 0.2632299550457081  0.6857002237933991 0.4141106788303261  0.45367395760289486 0.5418745724487126  0.1491870423918158 0.646032890874952  0.032983192008153465 0.7128287631121776 
 13  50.51611499111281 0.3809280372983853  0.16070889200616018 0.20406875389138363  111.42259141961625 0.46228229172416224  49.224207661922435 0.6153862079173473  2.3283347563055994 0.29964824377926863  5.129337781092 0.4744312599666679  9.816638350041014 0.4220485816775126  0.8614118549008285 0.2632299550457081  0.28399961259316747 0.4141106788303261  0.26454038277810626 0.5418745724487126  0.12034029583961697 0.646032890874952  0.05267220231015275 0.7128287631121776 
 14  68.08785374262163 0.3809280372983853  0.26036925526611004 0.20416422666754577  131.05879404858518 0.46067152739389644  58.73076673611382 0.6145734936081618  1.177262847088853 0.29964824377926863  2.492530587004106 0.4744312599666679  9.53081956053374 0.4220485816775126  0.7268775841938837 0.2632299550457081  3.2870698509692073 0.4141106788303261  0.31226298205401476 0.5418745724487126  0.19695310805863114 0.646032890874952  0.04754839263464903 0.7128287631121776 
 15  24.1689888769412 0.3809280372983853  0.8893557888703199 0.20412401940873962  69.71122730439929 0.46006365071288063  26.39572140912918 0.6141564307671462  1.7290673847961815 0.29964824377926863  7.702097174870069 0.4744312599666679  8.736396473696306 0.4220485816775126  1.2296913788707962 0.2632299550457081  2.008642290691139 0.4141106788303261  0.45183368698104454 0.5418745724487126  0.05666436913291435 0.646032890874952  0.011027049261942035 0.7128287631121776 
 16  50.36447525472391 0.3809280372983853  0.5950094309348497 0.2035531139035013  195.03206688959017 0.4616424459242211  43.531131578966054 0.613614605647131  0.9979556458820718 0.29964824377926863  6.5314300194530786 0.4744312599666679  7.076239694159884 0.4220485816775126  2.027334228039507 0.2632299550457081  1.46451806091709 0.4141106788303261  0.16613817638446265 0.5418745724487126  0.2463798036992524 0.646032890874952  0.020118081919914273 0.7128287631121776 
 17  11.184078608070283 0.3809280372983853  0.23111237283151403 0.20416422666754577  48.32366925963211 0.46067152739389644  16.426668138494847 0.6145734936081618  0.704241764637364 0.29964824377926863  2.1601028983693134 0.4744312599666679  3.7097606985818397 0.4220485816775126  1.0567286647283678 0.2632299550457081  0.8954538244704565 0.4141106788303261  0.07137082314936392 0.5418745724487126  0.038088758495460645 0.646032890874952  0.004777564760112854 0.7128287631121776 
 18  21.770997140539265 0.3809280372983853  0.41474878359559636 0.20406875389138363  93.99342612008704 0.46228229172416224  45.35832533199263 0.6153862079173473  1.0832561128609424 0.29964824377926863  5.569042826842701 0.4744312599666679  8.252078052643974 0.4220485816775126  0.839852077519321 0.2632299550457081  1.162399927764718 0.4141106788303261  0.3002678291498086 0.5418745724487126  0.05951551600725887 0.646032890874952  0.024725627967595355 0.7128287631121776 
 19  24.791132660966618 0.3809280372983853  0.5318804021757465 0.20412630925854539  120.38319490199339 0.46053595851681284  42.95880778044665 0.6138879418940048  1.0175685311470026 0.29964824377926863  3.6246142154341188 0.4744312599666679  6.956761920633927 0.4220485816775126  0.9742623680094958 0.2632299550457081  0.26042307103284174 0.4141106788303261  0.1866895295599294 0.5418745724487126  0.09893075600569301 0.646032890874952  0.022431167796412257 0.7128287631121776 
 20  40.31973738656006 0.3809280372983853  0.17321012100088642 0.2038125791486975  48.87305785846202 0.46712028588515453  83.01072240109877 0.6163902652040213  0.7852450422740622 0.29964824377926863  3.5328188214046636 0.4744312599666679  9.459038192600781 0.4220485816775126  1.1841544615289592 0.2632299550457081  0.4556526071565742 0.4141106788303261  0.23208792823971097 0.5418745724487126  0.07699547704545369 0.646032890874952  0.020745514627455414 0.7128287631121776 
 21  29.943064055863385 0.3809280372983853  0.17751639687907567 0.2038891236925655  96.59107675247768 0.4663947702587532  20.88822801436533 0.6161037189908212  1.1562131179606474 0.29964824377926863  6.31777265363716 0.4744312599666679  14.340884324200319 0.4220485816775126  1.0950340389953697 0.2632299550457081  0.39482252865079226 0.4141106788303261  0.3444330347269109 0.5418745724487126  0.042138363894790615 0.646032890874952  0.023119644468140365 0.7128287631121776 
 22  26.365403784003394 0.3809280372983853  0.2648952482754164 0.2038239516121747  66.08241817316583 0.4626661278415633  47.49409163589139 0.6145543879189879  0.5042095552131391 0.29964824377926863  4.466352714196665 0.4744312599666679  12.633560599686934 0.4220485816775126  1.6521627140450876 0.2632299550457081  0.09516979048873328 0.4141106788303261  0.06738221710030914 0.5418745724487126  0.06638597129714001 0.646032890874952  0.03589977225991808 0.7128287631121776 
 23  35.167817735829175 0.3809280372983853  0.6179271251258893 0.20412312352198353  132.03225037564843 0.46056757634009526  13.946763352487643 0.6138187293375428  0.591660340120285 0.29964824377926863  2.268343721761742 0.4744312599666679  5.312756163330994 0.4220485816775126  1.3315860679688962 0.2632299550457081  0.622449216896195 0.4141106788303261  0.08704967519397916 0.5418745724487126  0.048522844280307266 0.646032890874952  0.010788543002350324 0.7128287631121776 
 24  30.507690545823184 0.3809280372983853  0.7557794504025044 0.2036737246582655  90.66781401148232 0.46237454255179294  27.209439758603924 0.613969784630274  1.081818792825377 0.29964824377926863  2.7848027238200412 0.4744312599666679  4.960236174075528 0.4220485816775126  3.133466694138569 0.2632299550457081  0.6026075167005409 0.4141106788303261  0.3932187068620545 0.5418745724487126  0.06602094765089622 0.646032890874952  0.022614710610329027 0.7128287631121776 
 25  58.85172379229958 0.3809280372983853  0.33605996166968577 0.2035531139035013  141.81359035513745 0.4616424459242211  26.18533471496977 0.613614605647131  0.9500300376757452 0.29964824377926863  1.8721162434320964 0.4744312599666679  4.094824037611859 0.4220485816775126  0.3389589711041829 0.2632299550457081  1.0093132538985297 0.4141106788303261  0.7488949635983541 0.5418745724487126  0.21741961654411096 0.646032890874952  0.02261374975598195 0.7128287631121776 
 26  10.633225959381088 0.3809280372983853  0.21503713413586212 0.20420638338113192  24.962789002284687 0.45969549199497717  5.666402056515885 0.614165258424047  0.7710555733917588 0.29964824377926863  3.033197578129375 0.4744312599666679  5.837340713454535 0.4220485816775126  0.7664448814642242 0.2632299550457081  0.7223846083934212 0.4141106788303261  0.04758735200811473 0.5418745724487126  0.01845321384566834 0.646032890874952  0.0033249039345980224 0.7128287631121776 
 27  22.664668062047824 0.3809280372983853  0.10983729255447881 0.2035531139035013  46.39543563707474 0.4616424459242211  27.888189448310893 0.613614605647131  0.4549468686953244 0.29964824377926863  1.8109863247515774 0.4744312599666679  3.304115460130152 0.4220485816775126  0.4098978976400529 0.2632299550457081  0.27623841569007906 0.4141106788303261  0.13986504023555996 0.5418745724487126  0.0538040794627689 0.646032890874952  0.008532870235182026 0.7128287631121776 
 28  9.596977883849021 0.3809280372983853  0.17998027102248165 0.20397827484498457  77.03419481186548 0.46421684619556036  41.44215549817114 0.6153199902280396  0.9936877829919578 0.29964824377926863  2.4375697563682537 0.4744312599666679  9.443221143889724 0.4220485816775126  1.6125744840297234 0.2632299550457081  1.5048522813764627 0.4141106788303261  0.13144139146661357 0.5418745724487126  0.026082608863965052 0.646032890874952  0.016816359287424837 0.7128287631121776 
 29  24.767061816465095 0.3809280372983853  0.11540402093424401 0.20396584708860052  32.674379743818385 0.45846392514081596  20.586215584365426 0.6138033858997851  0.42669569152122344 0.29964824377926863  0.8703453874655547 0.4744312599666679  2.4706717925792705 0.4220485816775126  0.5743694549289294 0.2632299550457081  0.1314079954936666 0.4141106788303261  0.16638542616876906 0.5418745724487126  0.03715606112101642 0.646032890874952  0.029810863357840337 0.7128287631121776 
 30  23.279072885276584 0.3809280372983853  0.1596860479997237 0.2035531139035013  58.610871799064505 0.4616424459242211  36.87226406011507 0.613614605647131  0.4703489837120438 0.29964824377926863  3.072622602549412 0.4744312599666679  7.216884109213579 0.4220485816775126  2.2631183829717694 0.2632299550457081  0.626886302155653 0.4141106788303261  0.24117382219492758 0.5418745724487126  0.05990657577293889 0.646032890874952  0.01428728391214324 0.7128287631121776 
 31  17.90996549052753 0.3809280372983853  0.4234008670490859 0.2035531139035013  43.97397058875653 0.4616424459242211  8.855886574797601 0.613614605647131  1.0323863881110433 0.29964824377926863  1.4366213431911672 0.4744312599666679  4.140314833341334 0.4220485816775126  1.2849732242795695 0.2632299550457081  0.27949283702602934 0.4141106788303261  0.11992286240386088 0.5418745724487126  0.0552269711071435 0.646032890874952  0.004678821689069907 0.7128287631121776 
 32  8.98038599687162 0.3809280372983853  0.11956084814597838 0.20413332488486965  47.863458776543425 0.46160151674035754  5.416849181024848 0.6150808467789332  0.2227876403778358 0.29964824377926863  2.077006637545443 0.4744312599666679  4.173226075171266 0.4220485816775126  0.6276851383203206 0.2632299550457081  0.47915576786254116 0.4141106788303261  0.14034498743516285 0.5418745724487126  0.03764788186004473 0.646032890874952  0.004527474088488774 0.7128287631121776 
 33  43.64640970121887 0.3809280372983853  0.863848671613913 0.20412312352198353  187.43108790795728 0.46056757634009526  160.1278067335781 0.6138187293375428  2.1340784302630667 0.29964824377926863  7.7645257131694585 0.4744312599666679  18.03221780024947 0.4220485816775126  1.076412617661717 0.2632299550457081  0.36109738410761366 0.4141106788303261  0.611650501539432 0.5418745724487126  0.30975704270178117 0.646032890874952  0.11588969986980405 0.7128287631121776 
 34  34.610826569755844 0.3809280372983853  0.367573153584925 0.20407936884030883  86.99563553634717 0.4593233000058603  88.39299134633923 0.6141205198072098  0.7055479365435792 0.29964824377926863  2.608386665429067 0.4744312599666679  5.3767745815972265 0.4220485816775126  1.557383376964229 0.2632299550457081  1.0138368785354677 0.4141106788303261  0.3142692910842134 0.5418745724487126  0.11742488669019491 0.646032890874952  0.02002953389555012 0.7128287631121776 
 35  42.87860236023245 0.3809280372983853  0.19138344971466392 0.20397827484498457  155.84609797683478 0.46421684619556036  50.78119530767199 0.6153199902280396  0.7120441855913437 0.29964824377926863  1.8315632529346961 0.4744312599666679  11.329438761942562 0.4220485816775126  0.6079250030730087 0.2632299550457081  0.7945765588561922 0.4141106788303261  0.2809153735386417 0.5418745724487126  0.09493177997001424 0.646032890874952  0.019541161193138225 0.7128287631121776 
 36  55.87711991828375 0.3809280372983853  0.41916191801505176 0.20391663259480444  56.297119311414235 0.4650331523028757  73.17043828359726 0.6155318114335138  0.7365821446531401 0.29964824377926863  2.011281876393355 0.4744312599666679  4.012983699709608 0.4220485816775126  2.8686850755127233 0.2632299550457081  0.40772633177806705 0.4141106788303261  0.36483408705751424 0.5418745724487126  0.08809562853845981 0.646032890874952  0.025855199298997638 0.7128287631121776 
 37  39.175404993300006 0.3809280372983853  0.43121763656124423 0.20379146481948102  100.44730439560512 0.46189042061921565  34.45534032835446 0.6144486196171783  0.473857504724341 0.29964824377926863  2.64641302788975 0.4744312599666679  6.080669318674983 0.4220485816775126  1.3733805297876378 0.2632299550457081  0.6224759037257316 0.4141106788303261  0.07592042187584344 0.5418745724487126  0.11936944576132257 0.646032890874952  0.04179890247724074 0.7128287631121776 
 38  12.943226220938188 0.3809280372983853  0.39542230242313225 0.2035531139035013  33.12922257155887 0.4616424459242211  15.066558958656271 0.613614605647131  0.43027956714933235 0.29964824377926863  1.430028772889484 0.4744312599666679  3.0438692729351335 0.4220485816775126  1.3517608043432474 0.2632299550457081  0.3514965914982835 0.4141106788303261  0.18432092209240342 0.5418745724487126  0.06141824714010581 0.646032890874952  0.005653566400161586 0.7128287631121776 
 39  32.31173164700452 0.3809280372983853  0.29929478446907737 0.20412312352198353  205.7338479528558 0.46056757634009526  67.0817380051472 0.6138187293375428  0.7892917270459925 0.29964824377926863  2.0174837285887683 0.4744312599666679  5.657604294350209 0.4220485816775126  0.8069233892236533 0.2632299550457081  0.5947929307955273 0.4141106788303261  0.4172209623569869 0.5418745724487126  0.07279752421654864 0.646032890874952  0.034526864259367636 0.7128287631121776 
 40  75.75977192725273 0.3809280372983853  0.3060439373623911 0.20337998249815595  371.4367381030802 0.4762368754068177  125.1060166992209 0.6172105658157262  1.0658463333318222 0.29964824377926863  11.064220290924293 0.4744312599666679  31.15544354431244 0.4220485816775126  0.5287720555384083 0.2632299550457081  2.015399167494709 0.4141106788303261  0.5567973591704166 0.5418745724487126  0.2535667757271551 0.646032890874952  0.07508462685747261 0.7128287631121776 
 41  51.98292874415759 0.3809280372983853  0.2678540348931896 0.2036737246582655  72.3354594466364 0.46237454255179294  52.762271177725715 0.613969784630274  1.4952125323145198 0.29964824377926863  7.8474610381425896 0.4744312599666679  13.538956827569663 0.4220485816775126  1.1690381163172006 0.2632299550457081  0.6430661846732579 0.4141106788303261  0.13580411924046862 0.5418745724487126  0.028635447383073 0.646032890874952  0.04026341166942998 0.7128287631121776 
 42  9.12628364024335 0.3809280372983853  0.3378211231062523 0.2038952646156141  75.73912038649739 0.45866837451861064  12.613562717419644 0.6135533528614106  0.5939638689300522 0.29964824377926863  1.747905361120063 0.4744312599666679  5.071200742318387 0.4220485816775126  1.5653248460741014 0.2632299550457081  0.6044920943308293 0.4141106788303261  0.29269184457819736 0.5418745724487126  0.03637025918254608 0.646032890874952  0.005278328202101272 0.7128287631121776 
 43  26.932580514545627 0.3809280372983853  0.43039908209983435 0.2038108088572691  170.68488167142095 0.46195851672199706  63.878874638290185 0.6144902053949897  1.2907587545325827 0.29964824377926863  2.819503702279266 0.4744312599666679  6.527847175332241 0.4220485816775126  1.1631901513298584 0.2632299550457081  0.6685680363963366 0.4141106788303261  0.2175633496488461 0.5418745724487126  0.13128018790094156 0.646032890874952  0.024111730185250247 0.7128287631121776 
 44  20.606879605692463 0.3809280372983853  0.44799771091909313 0.20390517792531804  30.14616104981304 0.45858440322751165  44.05479884915474 0.6136025610807576  0.4639578800536655 0.29964824377926863  3.4595591908924654 0.4744312599666679  7.664253081780417 0.4220485816775126  1.697665119600096 0.2632299550457081  0.31838595550981186 0.4141106788303261  0.1036001926520377 0.5418745724487126  0.07077642443679485 0.646032890874952  0.014363594648006659 0.7128287631121776 
 45  41.28896854422293 0.3809280372983853  0.2882821835601792 0.2039456767755318  33.776997106180914 0.4664247662470635  19.185903491396196 0.6162637417156845  0.4697511456812671 0.29964824377926863  2.038337237929759 0.4744312599666679  6.384329026090999 0.4220485816775126  1.1820748067605549 0.2632299550457081  0.2269372806752615 0.4141106788303261  0.09893288316024079 0.5418745724487126  0.029572278315017343 0.646032890874952  0.023321430577643458 0.7128287631121776 
 46  50.065322493614204 0.3809280372983853  0.5360149050622829 0.20412312352198353  199.9301958938334 0.46056757634009526  45.30715218934782 0.6138187293375428  2.0014843608483353 0.29964824377926863  3.336891774461532 0.4744312599666679  6.574917737558104 0.4220485816775126  1.437943272304066 0.2632299550457081  0.794929281509531 0.4141106788303261  0.3358970641897159 0.5418745724487126  0.11814187107397459 0.646032890874952  0.02838544542277339 0.7128287631121776 
 47  36.19661286944047 0.3809280372983853  0.295316807336373 0.2036737246582655  147.0580403960304 0.46237454255179294  51.081908456622536 0.613969784630274  0.7057831968962511 0.29964824377926863  2.0656720561859068 0.4744312599666679  8.06439517118641 0.4220485816775126  0.6756408782826236 0.2632299550457081  0.4266674656771529 0.4141106788303261  0.5963458011931958 0.5418745724487126  0.09152925949144979 0.646032890874952  0.05363872189884718 0.7128287631121776 
 48  8.486341363783644 0.3809280372983853  0.3304762563628447 0.2040151717235566  55.13245374620209 0.46449522430291057  27.873094462468003 0.6154009313702352  0.8400771490018057 0.29964824377926863  6.5515398852658455 0.4744312599666679  10.52772344841188 0.4220485816775126  1.043029873108903 0.2632299550457081  1.0618865285396981 0.4141106788303261  0.43675582745378816 0.5418745724487126  0.06238065474736485 0.646032890874952  0.007303665430511864 0.7128287631121776 
 49  48.88006984098421 0.3809280372983853  0.18387758454395317 0.2035531139035013  213.3930537158838 0.4616424459242211  47.47276900041972 0.613614605647131  1.1546382007497067 0.29964824377926863  1.542936043907651 0.4744312599666679  4.858525814061048 0.4220485816775126  1.6466405440996008 0.2632299550457081  0.647428988151014 0.4141106788303261  0.4013713555467108 0.5418745724487126  0.17620772890162795 0.646032890874952  0.03462391985681269 0.7128287631121776 
 50  24.21086037926614 0.3809280372983853  0.4712501503689883 0.2035531139035013  67.98011888488654 0.4616424459242211  11.6959899195492 0.613614605647131  0.7968443171385765 0.29964824377926863  0.7744302768938793 0.4744312599666679  3.038971727892089 0.4220485816775126  0.7466155329158135 0.2632299550457081  0.7027436273200257 0.4141106788303261  0.45066065521432086 0.5418745724487126  0.06431844545882207 0.646032890874952  0.0029674040240554663 0.7128287631121776 
 51  37.28842635413282 0.3809280372983853  0.40780506184244725 0.20397827484498457  73.85007691588302 0.46421684619556036  86.21386683042263 0.6153199902280396  0.7102435039194706 0.29964824377926863  7.812228847945924 0.4744312599666679  13.249139181862521 0.4220485816775126  1.0638819489027773 0.2632299550457081  0.9816441407542946 0.4141106788303261  0.2425644194856214 0.5418745724487126  0.08529230053189545 0.646032890874952  0.04337899743389227 0.7128287631121776 
 52  37.50734006887197 0.3809280372983853  0.5930087546668216 0.20400752169191724  94.16078374849117 0.45940847477692615  34.112442448415145 0.6138512809507348  0.9685146610519006 0.29964824377926863  3.8544551663581266 0.4744312599666679  12.500802532043734 0.4220485816775126  1.208704839538906 0.2632299550457081  1.0547645480571053 0.4141106788303261  0.363624495127617 0.5418745724487126  0.07909454958124607 0.646032890874952  0.03971130011991731 0.7128287631121776 
 53  41.23328432987981 0.3809280372983853  0.6159425183904371 0.20412312352198353  90.21216768854703 0.46056757634009526  51.39132132857192 0.6138187293375428  0.9115804641212851 0.29964824377926863  2.9387545362600216 0.4744312599666679  8.664381832819823 0.4220485816775126  1.9764299286270632 0.2632299550457081  0.3367314990682335 0.4141106788303261  0.2206313131891336 0.5418745724487126  0.12672928885312337 0.646032890874952  0.03288860601611635 0.7128287631121776 
 54  23.296486237657795 0.3809280372983853  0.7724490656996937 0.204167116226067  194.0890245187357 0.4607972888264643  48.784514098262015 0.614480828505668  0.6457978846652614 0.29964824377926863  2.7424009258793536 0.4744312599666679  5.03326081699615 0.4220485816775126  0.4526080587208651 0.2632299550457081  0.8518958085341595 0.4141106788303261  0.6060889671711674 0.5418745724487126  0.09854350250336014 0.646032890874952  0.026765167684366056 0.7128287631121776 
 55  58.875285740138935 0.3809280372983853  0.6852313406129931 0.2035531139035013  81.02016182755169 0.4616424459242211  81.31846407740267 0.613614605647131  1.0289977581432777 0.29964824377926863  7.2286384831124435 0.4744312599666679  18.76156042900859 0.4220485816775126  1.077635480024794 0.2632299550457081  0.3250300576670075 0.4141106788303261  0.9652625504423674 0.5418745724487126  0.32079128517614064 0.646032890874952  0.04037926281575986 0.7128287631121776 
 56  27.014554357292376 0.3809280372983853  0.7435063696249395 0.2038239516121747  106.55035215918423 0.4626661278415633  26.19220589994528 0.6145543879189879  0.6111323760080919 0.29964824377926863  1.4264237790664913 0.4744312599666679  3.6835803157895866 0.4220485816775126  1.4868942264457181 0.2632299550457081  0.5724365025515911 0.4141106788303261  0.19486190239261722 0.5418745724487126  0.09711290847078503 0.646032890874952  0.011270759276611194 0.7128287631121776 
 57  21.466147994378193 0.3809280372983853  0.4362512574132851 0.20412312352198353  134.7622523759824 0.46056757634009526  38.51074011743877 0.6138187293375428  1.0725633528956533 0.29964824377926863  3.089986546148914 0.4744312599666679  11.276654825068185 0.4220485816775126  1.3114511408935443 0.2632299550457081  0.5761626306682823 0.4141106788303261  0.19083229584881653 0.5418745724487126  0.10818780780544265 0.646032890874952  0.014379196752113566 0.7128287631121776 
 58  48.071484370738105 0.3809280372983853  0.5105705963998673 0.20406875389138363  277.9906090056242 0.46228229172416224  58.65384065418189 0.6153862079173473  0.7231507787431437 0.29964824377926863  2.0200771438100387 0.4744312599666679  4.398728353495102 0.4220485816775126  4.7940783272404195 0.2632299550457081  1.4787535843211361 0.4141106788303261  0.681085334330809 0.5418745724487126  0.24417492876425007 0.646032890874952  0.04115163864476314 0.7128287631121776 
 59  22.609075596448598 0.3809280372983853  0.19016677738853155 0.2035531139035013  99.47467198182602 0.4616424459242211  32.2453013693923 0.613614605647131  0.7320031050016171 0.29964824377926863  1.5424481357626045 0.4744312599666679  4.888322556347808 0.4220485816775126  1.9111852515261578 0.2632299550457081  0.9729964711192364 0.4141106788303261  0.22993231947010112 0.5418745724487126  0.12273634245092935 0.646032890874952  0.010032375913610446 0.7128287631121776 
 60  38.28730884296818 0.3809280372983853  0.3768030874047923 0.2035531139035013  84.66264320541444 0.4616424459242211  44.499781946529566 0.613614605647131  0.9218632102169241 0.29964824377926863  1.470629938965902 0.4744312599666679  4.795819248908977 0.4220485816775126  0.9911777148707053 0.2632299550457081  0.7227381113179534 0.4141106788303261  0.2460673238219003 0.5418745724487126  0.08016348688695 0.646032890874952  0.03157623409840029 0.7128287631121776 
 61  27.91493837144872 0.3809280372983853  1.0140439581317007 0.2035531139035013  183.3444818603381 0.4616424459242211  28.20002427471619 0.613614605647131  1.5431791315031174 0.29964824377926863  3.7198014858331527 0.4744312599666679  8.424414376893749 0.4220485816775126  3.660491096374261 0.2632299550457081  1.4522795167537954 0.4141106788303261  0.33983088834108577 0.5418745724487126  0.20945584501773182 0.646032890874952  0.011112939495908903 0.7128287631121776 
 62  19.139945172861488 0.3809280372983853  0.974945510604645 0.20406875389138363  82.9100554495436 0.46228229172416224  85.3052434972984 0.6153862079173473  0.6649008580189737 0.29964824377926863  5.276772209406104 0.4744312599666679  14.238338536947895 0.4220485816775126  1.481191557080995 0.2632299550457081  0.8376482347546381 0.4141106788303261  0.1674602257931423 0.5418745724487126  0.13144214977936738 0.646032890874952  0.04783315423721837 0.7128287631121776 
 63  41.180170234156556 0.3809280372983853  0.3943821354727732 0.20391663259480444  90.11977741157807 0.4650331523028757  88.48527028329818 0.6155318114335138  0.41543233145989766 0.29964824377926863  3.027282434313968 0.4744312599666679  6.762442210156685 0.4220485816775126  3.201780922031736 0.2632299550457081  0.3567171804459996 0.4141106788303261  0.269263927883856 0.5418745724487126  0.317209958490448 0.646032890874952  0.014925710342312621 0.7128287631121776 
 64  31.607505825617974 0.3809280372983853  0.3863683553912029 0.20391663259480444  56.63491393350215 0.4650331523028757  107.1507176562741 0.6155318114335138  1.2209952101256745 0.29964824377926863  6.954368759455358 0.4744312599666679  8.651142874326581 0.4220485816775126  1.5013432550030026 0.2632299550457081  0.6780086063316364 0.4141106788303261  0.17102963037801597 0.5418745724487126  0.08934709370868274 0.646032890874952  0.04186389714058031 0.7128287631121776 
 65  53.77539807272786 0.3809280372983853  0.26109564790935297 0.2038125791486975  192.14306349107432 0.46712028588515453  183.01230224362706 0.6163902652040213  0.9726669959893717 0.29964824377926863  3.9839738751999776 0.4744312599666679  10.537291270019443 0.4220485816775126  1.0691449992685698 0.2632299550457081  0.19564290842957285 0.4141106788303261  0.6992517366601444 0.5418745724487126  0.26573466947514796 0.646032890874952  0.10911208113581608 0.7128287631121776 
 66  35.573788831549834 0.3809280372983853  0.5613301634569008 0.2035531139035013  68.88006501110253 0.4616424459242211  38.93528258715874 0.613614605647131  1.460871410872452 0.29964824377926863  2.5953588275505437 0.4744312599666679  6.680583427118337 0.4220485816775126  1.8793575032640812 0.2632299550457081  0.6697075440573058 0.4141106788303261  0.28226722175929064 0.5418745724487126  0.11244318208078168 0.646032890874952  0.015263608555311357 0.7128287631121776 
 67  34.01589018550191 0.3809280372983853  0.4738564366426742 0.20412630925854539  110.03223249329781 0.46053595851681284  60.78765733215861 0.6138879418940048  0.9863055367022582 0.29964824377926863  9.943931509631069 0.4744312599666679  13.814775530826928 0.4220485816775126  0.3725139879768933 0.2632299550457081  0.8070437315027119 0.4141106788303261  0.3503421758872458 0.5418745724487126  0.07326397616023572 0.646032890874952  0.05598579502371902 0.7128287631121776 
 68  40.13665350610568 0.3809280372983853  0.3764484185789793 0.2035531139035013  144.702347097509 0.4616424459242211  94.97900957268158 0.613614605647131  0.6920266473192256 0.29964824377926863  4.694247577849777 0.4744312599666679  9.924041395581328 0.4220485816775126  0.6695696701197358 0.2632299550457081  0.5179290747724453 0.4141106788303261  0.34767704885998896 0.5418745724487126  0.3407398891968233 0.646032890874952  0.04597390583528802 0.7128287631121776 
 69  19.913702607561582 0.3809280372983853  0.400341529608255 0.20412401940873962  129.04545227621742 0.46006365071288063  50.467580293852265 0.6141564307671462  1.0609226932490248 0.29964824377926863  5.131694679002133 0.4744312599666679  9.819391939304058 0.4220485816775126  0.5380375783832814 0.2632299550457081  0.42365397159475754 0.4141106788303261  0.34726731669398514 0.5418745724487126  0.2602855542222258 0.646032890874952  0.01825459319839731 0.7128287631121776 
 70  37.89186506033212 0.3809280372983853  0.4520584063219724 0.20412312352198353  164.97881113632613 0.46056757634009526  79.39296433867469 0.6138187293375428  0.9680134075901667 0.29964824377926863  1.8971735385145716 0.4744312599666679  5.898550639241826 0.4220485816775126  1.0493138840513991 0.2632299550457081  0.6919226673025638 0.4141106788303261  0.6010334995742733 0.5418745724487126  0.0979300117161232 0.646032890874952  0.023650829939743642 0.7128287631121776 
 71  45.95895813393214 0.3809280372983853  0.28572830953793477 0.2038239516121747  81.71508444147284 0.4626661278415633  22.35169674712792 0.6145543879189879  0.44234594178248693 0.29964824377926863  2.0984228185218803 0.4744312599666679  7.023245679065538 0.4220485816775126  1.6311580208245882 0.2632299550457081  0.6115005430897901 0.4141106788303261  0.21217122499071048 0.5418745724487126  0.07846422508127783 0.646032890874952  0.009056036509301476 0.7128287631121776 
 72  23.172639045687095 0.3809280372983853  0.6961852423140029 0.20337998249815595  78.5981839290188 0.4762368754068177  38.97797895820144 0.6172105658157262  0.8023673394502974 0.29964824377926863  3.5316514613663283 0.4744312599666679  9.140971916196861 0.4220485816775126  0.5877881705623328 0.2632299550457081  1.1855625361767532 0.4141106788303261  0.24074174757958955 0.5418745724487126  0.05982776010457203 0.646032890874952  0.022363956311693176 0.7128287631121776 
 73  22.13299999842058 0.3809280372983853  0.5558988885643755 0.2038239516121747  37.383471826891764 0.4626661278415633  6.802472603168763 0.6145543879189879  1.475469690349763 0.29964824377926863  2.330785796805659 0.4744312599666679  5.411782332725454 0.4220485816775126  1.1022296293793064 0.2632299550457081  0.37068531112437264 0.4141106788303261  0.17508905965317612 0.5418745724487126  0.03587983410500716 0.646032890874952  0.0051453793396146474 0.7128287631121776 
 74  26.067276903450477 0.3809280372983853  0.32380932285379116 0.20337998249815595  71.01600479715218 0.4762368754068177  37.070015502682786 0.6172105658157262  0.6581611348717145 0.29964824377926863  3.1567256823716114 0.4744312599666679  11.478355814438087 0.4220485816775126  1.415367086068448 0.2632299550457081  0.366601743097984 0.4141106788303261  0.1575021238702311 0.5418745724487126  0.07428456183803045 0.646032890874952  0.02306618351532565 0.7128287631121776 
 75  33.02163387061598 0.3809280372983853  0.8950417852124785 0.20438229813674832  135.15287175848826 0.46228313847823077  18.127840799619527 0.6149447771803322  0.6219576740423939 0.29964824377926863  1.887983184626126 0.4744312599666679  8.786503386412422 0.4220485816775126  0.8710197638748925 0.2632299550457081  0.8105407489552534 0.4141106788303261  0.3210662654019642 0.5418745724487126  0.039979894022778066 0.646032890874952  0.022687717594168134 0.7128287631121776 
 76  31.12171615269381 0.3809280372983853  0.4946660540476782 0.20380709027962235  52.2601208278954 0.4627788684504469  20.42877708642292 0.6144589582565867  1.8516435045045363 0.29964824377926863  3.4274457459519736 0.4744312599666679  6.829925686404784 0.4220485816775126  0.7580510503473793 0.2632299550457081  0.6459667068457181 0.4141106788303261  0.1475617230018283 0.5418745724487126  0.07280064255429548 0.646032890874952  0.009785193481166875 0.7128287631121776 
 77  31.47318331964045 0.3809280372983853  0.3545525157487143 0.2036737246582655  114.51916096103906 0.46237454255179294  17.352210873704497 0.613969784630274  1.3487863296299631 0.29964824377926863  2.997934196741266 0.4744312599666679  7.0373134559484205 0.4220485816775126  0.6803936347942594 0.2632299550457081  0.7047850291912419 0.4141106788303261  0.2645976929889241 0.5418745724487126  0.09149152892769405 0.646032890874952  0.014767166954826308 0.7128287631121776 
 78  68.60775977608958 0.3809280372983853  1.134402185545334 0.20378789970739283  129.21266052621175 0.46323271450493514  75.87324905585638 0.6142294781721529  1.414596955427704 0.29964824377926863  2.043762444819007 0.4744312599666679  3.9856570015287756 0.4220485816775126  4.465895802435352 0.2632299550457081  0.7232366537249142 0.4141106788303261  0.6116332335872527 0.5418745724487126  0.07683729619608089 0.646032890874952  0.03964981878679954 0.7128287631121776 
 79  34.84510720787929 0.3809280372983853  0.47184973263005203 0.20343549086725427  117.27983150613697 0.45897033347396893  21.007884524978614 0.6133429743743073  0.6721111298398674 0.29964824377926863  3.8563433827404485 0.4744312599666679  4.375008182615781 0.4220485816775126  0.8920276788127272 0.2632299550457081  0.40319113338421114 0.4141106788303261  0.14261508431667194 0.5418745724487126  0.04733621422691399 0.646032890874952  0.011918468250640902 0.7128287631121776 
 80  124.86683081912541 0.3809280372983853  0.7605821992542363 0.20397827484498457  140.84698499094873 0.46421684619556036  45.832608009773146 0.6153199902280396  0.7635854386734586 0.29964824377926863  1.7305755777718075 0.4744312599666679  8.966536340327174 0.4220485816775126  1.5904443229341165 0.2632299550457081  3.1033890632844794 0.4141106788303261  0.8058680033676692 0.5418745724487126  0.10329826584409371 0.646032890874952  0.017482875773212135 0.7128287631121776 
 81  22.74208591390742 0.3809280372983853  0.24021983450090223 0.20447812101825166  57.25815268505399 0.46306262316988145  44.20502759239098 0.6150089725940688  0.3696112148228112 0.29964824377926863  2.15852595559135 0.4744312599666679  7.698392447652391 0.4220485816775126  0.32510754862200686 0.2632299550457081  0.4958185754167752 0.4141106788303261  0.27565561247746445 0.5418745724487126  0.05788306007873749 0.646032890874952  0.02429957979961071 0.7128287631121776 
 82  30.8608815455091 0.3809280372983853  0.24733796174387132 0.20406875389138363  71.91398568118501 0.46228229172416224  21.150097362892076 0.6153862079173473  1.6642812631717623 0.29964824377926863  3.571330804569774 0.4744312599666679  6.392031480046713 0.4220485816775126  0.34402528659621356 0.2632299550457081  0.3977455206830589 0.4141106788303261  0.296140308254917 0.5418745724487126  0.11235601826915559 0.646032890874952  0.01803080237427559 0.7128287631121776 
 83  77.82158932434861 0.3809280372983853  0.3081205890222551 0.204167116226067  138.38237449665547 0.4607972888264643  201.0483774898408 0.614480828505668  1.2388464117439777 0.29964824377926863  3.1767821048576916 0.4744312599666679  5.6522748471334445 0.4220485816775126  0.8257948245703208 0.2632299550457081  0.5234283987116416 0.4141106788303261  0.7430364448908544 0.5418745724487126  0.27023204752787183 0.646032890874952  0.10989086543283298 0.7128287631121776 
 84  38.00989152465664 0.3809280372983853  0.6815004503022072 0.20337998249815595  133.80907125292455 0.4762368754068177  49.78828034071484 0.6172105658157262  1.6848268471535977 0.29964824377926863  12.827641650078496 0.4744312599666679  22.64667008701441 0.4220485816775126  1.1096414382834119 0.2632299550457081  0.30282875402842596 0.4141106788303261  0.13816557921523556 0.5418745724487126  0.12996866556838546 0.646032890874952  0.05861381245726631 0.7128287631121776 
 85  23.639763896526265 0.3809280372983853  0.4855630488135587 0.20326714893533634  157.31522979381737 0.4565658387682495  50.326279151961465 0.6127835251911828  1.026753819140208 0.29964824377926863  1.2270408748498798 0.4744312599666679  6.768389826165359 0.4220485816775126  1.3255241140767744 0.2632299550457081  0.3705665177511621 0.4141106788303261  0.1588596637156619 0.5418745724487126  0.06030779777100802 0.646032890874952  0.028284433648831604 0.7128287631121776 
 86  41.756350580924796 0.3809280372983853  0.4083076656691844 0.20412630925854539  107.21888619775136 0.46053595851681284  63.70899070469092 0.6138879418940048  0.6447671779265349 0.29964824377926863  1.801101614614553 0.4744312599666679  3.440280941377205 0.4220485816775126  1.1988007678218584 0.2632299550457081  0.586634301858227 0.4141106788303261  0.34187336194063955 0.5418745724487126  0.0844238612844212 0.646032890874952  0.029180745603992194 0.7128287631121776 
 87  24.1236680218259 0.3809280372983853  0.611255485783351 0.20414536609495565  61.44544176920869 0.45995054087393883  17.613537525746885 0.6143041777205106  0.866820950399769 0.29964824377926863  3.075933473248277 0.4744312599666679  5.8952107146188615 0.4220485816775126  2.74402106586753 0.2632299550457081  0.31339575653867013 0.4141106788303261  0.18643004832751597 0.5418745724487126  0.061496385111484926 0.646032890874952  0.020411480791743777 0.7128287631121776 
 88  36.3617638131454 0.3809280372983853  0.31999420970875947 0.2035531139035013  403.6530857775456 0.4616424459242211  36.20028125869384 0.613614605647131  1.6757413936590622 0.29964824377926863  4.699269888759685 0.4744312599666679  10.852427999520177 0.4220485816775126  0.7812255290525962 0.2632299550457081  1.570237190576783 0.4141106788303261  1.1208309591392314 0.5418745724487126  0.2207376297809535 0.646032890874952  0.019471518923931206 0.7128287631121776 
 89  73.89871180141634 0.3809280372983853  0.3757235968467875 0.20392298037772288  175.6705446791076 0.4660342129137482  106.60246802631475 0.6158275955234417  1.7520050904437479 0.29964824377926863  8.066237997172271 0.4744312599666679  10.931040818950033 0.4220485816775126  2.488369385979163 0.2632299550457081  1.1857490109383524 0.4141106788303261  0.3579123965125523 0.5418745724487126  0.30182882607234374 0.646032890874952  0.04242932561957678 0.7128287631121776 
 90  56.95107817376924 0.3809280372983853  0.9764083801860797 0.20412630925854539  93.97699139203752 0.46053595851681284  49.12234199905584 0.6138879418940048  1.1812565270777058 0.29964824377926863  4.397988981937639 0.4744312599666679  8.43225590933355 0.4220485816775126  0.6061897823140043 0.2632299550457081  2.4787321788987198 0.4141106788303261  0.2531071764615957 0.5418745724487126  0.1290728697196468 0.646032890874952  0.04262338516253708 0.7128287631121776 
 91  9.37412899345231 0.3809280372983853  0.4800915867200281 0.20397827484498457  74.30684460861426 0.46421684619556036  11.102923064006442 0.6153199902280396  3.02070331832954 0.29964824377926863  6.626441889393208 0.4744312599666679  19.618076853115863 0.4220485816775126  1.1798047273220742 0.2632299550457081  0.5435140731102714 0.4141106788303261  0.14266462530151064 0.5418745724487126  0.023864423356344935 0.646032890874952  0.009215477752693256 0.7128287631121776 
 92  14.354343303413332 0.3809280372983853  0.3099897531872348 0.20412401940873962  41.98637431062199 0.46006365071288063  21.364104425953627 0.6141564307671462  1.02608000238955 0.29964824377926863  3.648746338023725 0.4744312599666679  7.132913179878895 0.4220485816775126  0.5516667177880081 0.2632299550457081  0.5432973578530904 0.4141106788303261  0.11284480781302987 0.5418745724487126  0.038741712533409 0.646032890874952  0.010805924246868421 0.7128287631121776 
 93  26.35405108062761 0.3809280372983853  0.3830737911513902 0.20412312352198353  228.01284313899487 0.46056757634009526  51.873287925865995 0.6138187293375428  1.651090678761176 0.29964824377926863  3.2360206807305048 0.4744312599666679  6.940949354120545 0.4220485816775126  0.5269035971520251 0.2632299550457081  0.6495925924111501 0.4141106788303261  0.2578245833970839 0.5418745724487126  0.18726646806641722 0.646032890874952  0.0675969790400894 0.7128287631121776 
 94  52.50942563222878 0.3809280372983853  0.7097354115877987 0.20412312352198353  298.9725584920131 0.46056757634009526  209.58713121927613 0.6138187293375428  0.8330070274146077 0.29964824377926863  2.390140380546419 0.4744312599666679  5.980650889191269 0.4220485816775126  1.053844049539755 0.2632299550457081  0.7185747388489925 0.4141106788303261  1.0970624104231868 0.5418745724487126  0.37343030107484865 0.646032890874952  0.06637345590782066 0.7128287631121776 
 95  11.682630558722582 0.3809280372983853  0.34776327545333485 0.2036737246582655  36.03625064243775 0.46237454255179294  11.899277274446238 0.613969784630274  1.2260451664906078 0.29964824377926863  0.7530855577236435 0.4744312599666679  3.156656325060385 0.4220485816775126  3.212525783595084 0.2632299550457081  0.6359669506291692 0.4141106788303261  0.04609327954685877 0.5418745724487126  0.023985049275754296 0.646032890874952  0.003541307939557192 0.7128287631121776 
 96  24.156073118377297 0.3809280372983853  0.2496293319117513 0.20414192630892025  28.616740410571886 0.4616876661322583  30.030901016404393 0.6151022298092126  0.43131157676414106 0.29964824377926863  1.6237980666575276 0.4744312599666679  4.067900015378066 0.4220485816775126  1.0754289473934646 0.2632299550457081  0.6577701502943234 0.4141106788303261  0.12441443469706695 0.5418745724487126  0.05623917828901536 0.646032890874952  0.006991373012502183 0.7128287631121776 
 97  39.61140509649969 0.3809280372983853  0.3221812136345227 0.2035531139035013  78.1979358478783 0.4616424459242211  50.88232282583033 0.613614605647131  0.7550545453075623 0.29964824377926863  5.269276315895308 0.4744312599666679  10.979587666940311 0.4220485816775126  0.4683466106979423 0.2632299550457081  1.519858365211801 0.4141106788303261  0.30210056842233435 0.5418745724487126  0.06918891319674449 0.646032890874952  0.02881401178367962 0.7128287631121776 
 98  33.34976795747042 0.3809280372983853  0.21053742994248673 0.20420617796391263  35.591831860949426 0.4600277672424532  49.663815622963476 0.614320145068429  0.6399890375244017 0.29964824377926863  2.8546808504861794 0.4744312599666679  7.847116656535316 0.4220485816775126  1.7769655064853442 0.2632299550457081  0.5141623583119758 0.4141106788303261  0.1550033876280794 0.5418745724487126  0.07445358138056832 0.646032890874952  0.01735019011780717 0.7128287631121776 
 99  24.658789193083223 0.3809280372983853  0.6023564120462483 0.20292660080373667  49.40481664729678 0.455044415105209  55.93212097681448 0.6118053298478264  0.43123880741996207 0.29964824377926863  1.1559534801327942 0.4744312599666679  4.591861076120825 0.4220485816775126  2.8892215478159797 0.2632299550457081  0.8187379415613841 0.4141106788303261  0.32676903785454037 0.5418745724487126  0.09222355100685535 0.646032890874952  0.00702696645956646 0.7128287631121776 
 100  27.678992625905458 0.3809280372983853  0.56574028277596 0.2035531139035013  112.24533399595228 0.4616424459242211  62.13111744805521 0.613614605647131  0.5321083562897765 0.29964824377926863  2.007287706546739 0.4744312599666679  7.969107887939424 0.4220485816775126  0.9751612932383974 0.2632299550457081  0.40930088009764737 0.4141106788303261  0.34181304484628217 0.5418745724487126  0.1495471274577003 0.646032890874952  0.0340862713250511 0.7128287631121776 
